Box21,cube.mesh,1300,200,1300,0,0,0,1,1,1,1,0.91
Box22,cube.mesh,1200,200,1100,0,0,0,1,1,1,1,0.91
Box23,cube.mesh,1500,200,1100,0,0,0,1,0.64,0.64,0.64,0.91
Box24,cube.mesh,1600,200,1200,0,0,0.21644,0.976296,0.64,0.64,0.64,0.91
Coconut21,Coco.mesh,1600,100,1100,0,0,0,1,1,1,1,0.92
Coconut28,Coco.mesh,1700,200,1100,0,0,0,1,1,1,1,0.92
Box21,cube.mesh,1400,200,1100,0,0,0,1,1,1,1,0.91
Target22,robot.mesh,1500,200,1200,0,0,0,1,1,1,1,0.93
Coconut23,Coco.mesh,1300,100,1100,0,0,0,1,1,1,1,0.92
Coconut24,Coco.mesh,1600,100,1100,0,0,0,1,1,1,1,0.92
Coconut25,Coco.mesh,1700,100,1200,0,0,0,1,1,1,1,0.92
Coconut26,Coco.mesh,1600,200,1000,0,0,0,1,1,1,1,0.92
Coconut27,Coco.mesh,900,200,1100,0,0,0,1,1,1,1,0.92
Coconut21,Coco.mesh,1200,200,1100,0,0,0,1,1,1,1,0.92
Target22,robot.mesh,1600,200,1100,0,0,0,1,1,1,1,0.93
Box23,cube.mesh,1400,200,1200,0,0,0,1,1,1,1,0.91
Box21,cube.mesh,1200,200,1100,0,0,0,1,1,1,1,0.91
Box22,cube.mesh,1200,200,900,0,0,0,1,1,1,1,0.91
Box23,cube.mesh,1300,200,1300,0,0,0,1,1,1,1,0.91
Box24,cube.mesh,1400,200,1000,0,0,0,1,1,1,1,0.91
Coconut25,Coco.mesh,1500,200,1100,0,0,0,1,1,1,1,0.92
Target26,robot.mesh,1500,200,1200,0,0,0,1,1,1,1,0.93
Target27,robot.mesh,1500,200,1300,0,0,0,1,1,1,1,0.93
Box21,cube.mesh,1200,200,1200,0,0,0,1,1,1,1,0.91
Box22,cube.mesh,1400,200,1000,0,0,0,1,1,1,1,0.91
Coconut23,Coco.mesh,1400,200,1200,0,0,0,1,1,1,1,0.92
Target24,robot.mesh,1300,200,1200,0,0,0,1,1,1,1,0.93
