Crate,Crate.mesh,1089.1,89.9401,2734.65,0.887011,2.90187e-009,-0.461748,1.73309e-008,15,15,15,0.6,0.93,1,0,0,0,0,1,0,0,0,0
Crate,Crate.mesh,-1066.5,89.9057,1739.03,0.887011,2.90187e-009,-0.461748,1.73309e-008,15,15,15,0.6,0.93,1,0,0,0,0,1,0,0,0,0
Crate,Crate.mesh,1966.81,170.477,2279.45,0.842694,0.0228178,-0.537812,-0.0101878,15,15,15,0.6,0.93,1,0,0,0,0,1,0,0,0,0
Crate,Crate.mesh,1958.73,170.528,2314.88,-0.675459,-0.00154393,0.737073,-0.0218014,15,15,15,0.6,0.93,1,0,0,0,0,1,0,0,0,0
Crate,Crate.mesh,376.406,168.004,560.952,-0.457693,-0.0021304,0.884868,0.0867191,15,15,15,0.6,0.93,1,0,0,0,0,1,0,0,0,0
Crate,Crate.mesh,2601.02,115.118,498.233,-0.5151,0.0508732,0.854664,0.0404149,15,15,15,0.6,0.93,1,0,0,0,0,1,0,0,0,0
Crate,Crate.mesh,2607.32,143.615,497.095,-0.542932,0.0521491,0.837263,0.0386712,15,15,15,0.6,0.93,1,0,0,0,0,1,0,0,0,0
Crate,Crate.mesh,2578.45,115.513,466.899,-0.530874,0.036764,0.846356,0.0224044,15,15,15,0.6,0.93,1,0,0,0,0,1,0,0,0,0
Crate,Crate.mesh,2621.81,108.006,438.768,-0.634056,0.77033,0.0131739,-0.0662635,15,15,15,0.6,0.93,1,0,0,0,0,1,0,0,0,0
Crate,Crate.mesh,2497.44,113.654,513.957,0.801602,0.0495794,-0.594789,-0.034686,15,15,15,0.6,0.93,1,0,0,0,0,1,0,0,0,0
Crate,Crate.mesh,2189.6,89.9844,819.646,0.785008,-0.018013,-0.616551,-0.0574721,15,15,15,0.6,0.93,1,0,0,0,0,1,0,0,0,0
Crate,Crate.mesh,329.927,171.678,591.003,-0.00136356,-0.0753069,0.993168,0.0891275,15,15,15,0.6,0.93,1,0,0,0,0,1,0,0,0,0
Crate,Crate.mesh,2202.91,89.9431,1325.57,-0.00757448,3.72884e-009,0.999048,0.0429567,15,15,15,0.6,0.93,1,0,0,0,0,1,0,0,0,0
GoldCoconut,Coco.mesh,2636.02,117.404,473.274,-0.707107,0,0,0.707107,15,15,15,0.6,0.92,0,0,0,0,0,1,0,0,0,0
GoldCoconut,Coco.mesh,2385.06,106.679,2515.27,-0.707107,0,0,0.707107,15,15,15,0.6,0.92,0,0,0,0,0,1,0,0,0,0
GoldCoconut,Coco.mesh,891.507,58.17,844.771,-0.707107,0,0,0.707107,15,15,15,0.6,0.92,0,0,0,0,0,1,0,0,0,0
GoldCoconut,Coco.mesh,339.397,211.77,604.698,-0.707107,0,0,0.707107,15,15,15,0.6,0.92,0,0,0,0,0,1,0,0,0,0
GoldCoconut,Coco.mesh,-1066.5,129.94,1739.03,-0.707107,0,0,0.707107,15,15,15,0.6,0.92,0,0,0,0,0,1,0,0,0,0
GoldCoconut,Coco.mesh,279.637,175.983,553.173,-0.707554,-0.00511721,-0.00558445,0.706618,15,15,15,0.6,0.92,0,0,0,0,0,1,0,0,0,0
Palm,Palm2.mesh,630.752,261.725,2481.96,0.316191,-0.294885,0.635838,-0.639355,6.52298,6.52298,6.52298,0.6,0.93,1,0,0,0,0,1,0,0,0,0
Palm,Palm2.mesh,1514.93,298.29,2282.55,-0.0582436,0.104284,0.642425,-0.756983,8.31041,8.31041,8.31041,0.6,0.93,1,0,0,0,0,1,0,0,0,0
Palm,Palm2.mesh,1123.2,268.328,2893.39,-0.659144,0.562809,0.455152,-0.203992,9.9725,9.9725,9.9725,0.6,0.93,1,0,0,0,0,1,0,0,0,0
Palm,Palm2.mesh,1558.2,322.919,1299.41,-0.726115,0.442102,0.349739,-0.393683,7.35252,7.35252,7.35252,0.6,0.93,1,0,0,0,0,1,0,0,0,0
Palm,Palm2.mesh,1051.67,430.273,111.632,-0.708954,0.694953,-0.116554,0.0289706,10.5876,10.5876,10.5876,0.6,0.93,1,0,0,0,0,1,0,0,0,0
Palm,Palm2.mesh,1083.45,304.05,354.836,-0.572891,0.406331,0.704054,0.104877,7.80605,7.80605,7.80605,0.6,0.93,1,0,0,0,0,1,0,0,0,0
Palm,Palm2.mesh,535.382,304.486,488.175,-0.428411,0.522125,0.587802,-0.445353,6.90629,6.90629,6.90629,0.6,0.93,1,0,0,0,0,1,0,0,0,0
Palm,Palm2.mesh,2014.07,309.491,2120.43,0.0837272,-0.275473,-0.677641,0.676688,7.17427,7.17427,7.17427,0.6,0.93,1,0,0,0,0,1,0,0,0,0
Palm,Palm2.mesh,2131.14,281.864,2204.81,0.181941,-0.383791,-0.799655,0.424445,5.73941,5.73941,5.73941,0.6,0.93,1,0,0,0,0,1,0,0,0,0
Palm,Palm2.mesh,1881.82,353.674,2563.87,-0.0408405,0.0381495,-0.687345,0.724178,8.84736,8.84736,8.84736,0.6,0.93,1,0,0,0,0,1,0,0,0,0
Palm,Palm2.mesh,2139.45,459.072,2308.04,-0.744802,0.647437,-0.116515,0.111893,12.7402,12.7402,12.7402,0.6,0.93,1,0,0,0,0,1,0,0,0,0
Palm,Palm2.mesh,1421.68,401.864,1392.1,-0.760434,0.643275,0.080303,-0.0385943,9.5736,9.5736,9.5736,0.6,0.93,1,0,0,0,0,1,0,0,0,0
Palm,Palm2.mesh,1079.8,303.327,149.967,-0.708954,0.694953,-0.116554,0.0289706,5.42087,5.42087,5.42087,0.6,0.93,1,0,0,0,0,1,0,0,0,0
Palm,Palm2.mesh,864.305,374.56,103.444,-0.65635,0.541257,0.381097,-0.361953,7.80605,7.80605,7.80605,0.6,0.93,1,0,0,0,0,1,0,0,0,0
Palm,Palm2.mesh,673.439,273.216,432.923,-0.527217,0.604377,-0.430504,0.41405,5.75525,5.75525,5.75525,0.6,0.93,1,0,0,0,0,1,0,0,0,0
Palm,Palm2.mesh,623.282,232.384,519.572,0.270156,-0.348153,0.671148,-0.596126,4.42003,4.42003,4.42003,0.6,0.93,1,0,0,0,0,1,0,0,0,0
Palm,Palm2.mesh,394.922,340.236,1319.61,0.049976,-0.0976109,0.749748,-0.652574,7.63781,7.63781,7.63781,0.6,0.93,1,0,0,0,0,1,0,0,0,0
Palm,Palm2.mesh,587.121,281.136,1357.34,0.717794,-0.695489,-0.0311555,-0.00984225,5.86584,5.86584,5.86584,0.6,0.93,1,0,0,0,0,1,0,0,0,0
Palm,Palm2.mesh,736.856,359.189,1562.69,0.65567,-0.401963,-0.57594,0.277155,8.44681,8.44681,8.44681,0.6,0.93,1,0,0,0,0,1,0,0,0,0
Palm,Palm2.mesh,325.544,302.267,835.938,-0.571553,0.554388,-0.444772,0.410073,5.97856,5.97856,5.97856,0.6,0.93,1,0,0,0,0,1,0,0,0,0
Palm,Palm2.mesh,744.145,215.12,2410.33,-0.620188,0.607699,-0.368605,0.331962,5.97856,5.97856,5.97856,0.6,0.93,1,0,0,0,0,1,0,0,0,0
Palm,Palm2.mesh,1020.77,164.863,2797.14,0.408122,-0.436674,-0.656482,0.460199,5.97856,5.97856,5.97856,0.6,0.93,1,0,0,0,0,1,0,0,0,0
Palm,Palm2.mesh,1153.22,333.664,1556.85,-0.570391,0.653599,-0.397982,0.29845,7.3728,7.3728,7.3728,0.6,0.93,1,0,0,0,0,1,0,0,0,0
Palm,Palm2.mesh,416.41,320.306,1005.12,-0.618213,0.73977,-0.242454,0.108488,7.3728,7.3728,7.3728,0.6,0.93,1,0,0,0,0,1,0,0,0,0
Palm,Palm2.mesh,513.142,372.923,692.605,-0.22195,0.372144,-0.615031,0.658775,12,12,12,0.6,0.93,1,0,0,0,0,1,0,0,0,0
Palm,Palm2.mesh,945.329,348.13,1710.57,0.0167499,0.139348,-0.70522,0.694957,9.216,9.216,9.216,0.6,0.93,1,0,0,0,0,1,0,0,0,0
Palm,Palm2.mesh,1435,469.55,640.034,-0.521756,0.519248,0.566563,-0.370349,12.7402,12.7402,12.7402,0.6,0.93,1,0,0,0,0,1,0,0,0,0
